 199801010900
           1
  0.1900000      2.0956997E-04  0.0000000E+00  0.0000000E+00  0.0000000E+00
   273.1600       273.8935       276.8878       279.9124      0.2437354    
  0.2941240      0.2718458      0.3065776      0.2932951      0.2941240    
  0.2718458      0.3065776       265.4015       285.4910      3.4980301E-02
  3.5476603E-04  3.8764232E-05   265.5880       264.8559      1.8583272E-03
  0.0000000E+00           0  0.0000000E+00  0.0000000E+00  0.0000000E+00
 -0.1000000     -0.4000000      -1.000000      -2.000000      0.0000000E+00
  0.0000000E+00  0.0000000E+00  0.0000000E+00  0.0000000E+00  0.0000000E+00
  0.0000000E+00  0.0000000E+00   2.496803       4900.640       4900.640    
  0.0000000E+00   8.990442       499.9818       30.00333       499.9991    
   1000.000       1000.031      0.7192354      9.0009995E-02  7.5449962E-03
  4.5647234E-02  0.0000000E+00  0.0000000E+00  0.0000000E+00  0.0000000E+00
  0.0000000E+00  0.0000000E+00  0.0000000E+00  0.0000000E+00  0.0000000E+00
  0.0000000E+00  0.0000000E+00   264.8559      0.0000000E+00
