  0.1000000    
  3.9999999E-02
  0.8500000    
   18.00000    
   7.000000    
   1.200000    
  7.0000000E-02
  0.3500000    
  0.1600000    
  0.3900000    
  5.0000001E-02
  0.1000000    
  1.0000000E-03
  1.0000000E-03
  9.9999998E-03
  0.1800000    
   1.000000    
   30.00000    
   2.100000    
   30000.00    
   1.200000    
   2.400000    
  0.2000000    
   1.800000    
  0.2000000    
   4.000000    
   80.00000    
  0.1000000    
   268.0000    
   60.00000    
   268.0000    
   2000.000    
   6.000000    
  5.9999999E-02
  0.6400000    
  5.0000001E-02
   2.000000    
   1.500000    
   1.000000    
   30.00000    
  0.3700000    
  2.0000000E-02
          12
   2000000.    
   8.720000    
  2.0299999E-06
  2.3700000E-05
  -1.118000    
  0.6170000    
  0.1000000    
  0.1200000    
  0.4640000    
  0.3870000    
  0.1200000    
  -8.000000    
  0.1000000    
  0.1500000    
  2.0000000E-06
   3.000000    
  0.1000000    
   298.0000    
   30.00000    
   5000.000    
   150.0000    
   47.35000    
           4
