  0.1000000    
  3.9999999E-02
   1.000000    
   15.00000    
   1.000000    
   1.000000    
  0.0000000E+00
  0.0000000E+00
  0.0000000E+00
  0.0000000E+00
  0.0000000E+00
  0.0000000E+00
  0.0000000E+00
  0.0000000E+00
  0.0000000E+00
  0.1800000    
   1.000000    
   30.00000    
   2.100000    
   30000.00    
   1.200000    
   2.400000    
  0.0000000E+00
  0.0000000E+00
  0.0000000E+00
  0.0000000E+00
   60.00000    
  0.0000000E+00
  0.0000000E+00
  0.0000000E+00
   278.0000    
  9.9999999E+14
   9.000000    
  0.0000000E+00
  0.0000000E+00
  0.0000000E+00
   2.000000    
  0.0000000E+00
  0.0000000E+00
  0.0000000E+00
  0.0000000E+00
  2.2800000E-02
           1
   3000000.    
   2.790000    
  4.6599998E-05
  6.0799999E-07
 -0.4720000    
  6.8999998E-02
  0.9200000    
  0.4000000    
  0.4500000    
  0.4200000    
  0.4000000    
  -8.000000    
  0.1000000    
  0.1500000    
  2.0000000E-06
   3.000000    
  0.1000000    
   298.0000    
   999.0000    
   5000.000    
   400.0000    
   999.0000    
           1
