  0.1000000    
  3.9999999E-02
  0.1400000    
   1.500000    
  0.1000000    
  7.9999998E-02
  0.1100000    
  0.5800000    
  0.3600000    
  0.5800000    
  7.0000000E-02
  0.2500000    
  0.2200000    
  0.3800000    
 -0.3000000    
  0.1800000    
   1.000000    
   30.00000    
   2.100000    
   30000.00    
   1.200000    
   2.400000    
   1.200000    
  0.3500000    
  0.2000000    
   1.450000    
   80.00000    
  0.2000000    
   273.0000    
   60.00000    
   278.0000    
   2000.000    
   9.000000    
  5.9999999E-02
  0.1000000    
  0.0000000E+00
   2.000000    
   1.500000    
  0.0000000E+00
  0.0000000E+00
  0.2300000    
  2.2299999E-02
           5
   2000000.    
   4.260000    
  1.4100000E-05
  5.1400002E-06
  -1.044000    
  3.5999998E-02
  0.8200000    
  2.8000001E-02
  0.4210000    
  0.3830000    
  2.8000001E-02
  -8.000000    
  0.1000000    
  0.1500000    
  2.0000000E-06
   3.000000    
  0.1000000    
   298.0000    
   100.0000    
   5000.000    
   40.00000    
   36.25000    
           3
