  0.1000000    
  3.9999999E-02
  0.8500000    
   18.00000    
   7.000000    
   1.200000    
  7.0000000E-02
  0.3500000    
  0.1600000    
  0.3900000    
  5.0000001E-02
  0.1000000    
  1.0000000E-03
  1.0000000E-03
  9.9999998E-03
  0.1800000    
   1.000000    
   30.00000    
   2.100000    
   30000.00    
   1.200000    
   2.400000    
  0.2000000    
   1.800000    
  0.2000000    
   4.000000    
   80.00000    
  0.1000000    
   268.0000    
   60.00000    
   268.0000    
   2000.000    
   6.000000    
  5.9999999E-02
  0.6400000    
  5.0000001E-02
   2.000000    
   1.500000    
   1.000000    
   30.00000    
  0.3700000    
  2.0000000E-02
          12
