  0.1000000    
  3.9999999E-02
  0.1000000    
  0.5000000    
  0.1000000    
  0.3000000    
  0.1000000    
  0.4500000    
  0.1600000    
  0.3900000    
  5.0000001E-02
  0.2500000    
  0.2200000    
  0.3800000    
 -0.3000000    
  0.1800000    
   1.000000    
   30.00000    
   2.100000    
   30000.00    
   1.200000    
   2.400000    
   1.200000    
  0.4000000    
  0.2000000    
   3.200000    
   80.00000    
  0.1000000    
   268.0000    
   50.00000    
   268.0000    
   2000.000    
   9.000000    
  5.9999999E-02
  0.1000000    
   2.110000    
   2.000000    
   1.500000    
  0.0000000E+00
  0.0000000E+00
  0.1700000    
  2.0000000E-02
          20
